1038 3165 6 18
1038 3165 6 18
1038 3165 8 18
1184 3096 6 19
1184 3096 6 19
1184 3096 8 19
1159 3198 6 20
1159 3198 6 20
1159 3198 8 20
2907 4934 5 23
2907 4934 5 23
2907 4934 7 23
3003 5016 5 24
3003 5016 5 24
3003 5016 7 24
3560 5244 5 44
3560 5244 5 44
3560 5244 7 44
3506 5194 5 42
3506 5194 5 42
3506 5194 7 42
3712 4901 5 45
3712 4901 5 45
3712 4901 7 45
3648 4698 5 43
3648 4698 5 43
3648 4698 7 43
4453 4076 5 48
4453 4076 5 48
4453 4076 7 48
3835 2788 5 55
3835 2788 5 55
3835 2788 7 55
3957 3012 5 59
3957 3012 5 59
3957 3012 7 59
4966 2675 5 41
4966 2675 5 41
4966 2675 7 41
3779 3442 8 в
4457 3583 5 52
4457 3583 5 52
4457 3583 7 52
4354 3399 5 61
4354 3399 5 61
4354 3399 7 61
4129 3315 5 63
4129 3315 5 63
4129 3315 7 63
3906 3166 5 65
3906 3166 5 65
3906 3166 7 65
3597 2795 5 70
3597 2795 5 70
3597 2795 7 70
5159 981 6 10
5159 981 6 10
5159 981 8 10
5318 981 6 11
5318 981 6 11
5318 981 8 11
5240 822 6 12
5240 822 6 12
5240 822 8 12
7252 2666 6 15
7252 2666 6 15
7252 2666 8 15
7404 2600 6 16
7404 2600 6 16
7404 2600 8 16
6989 300 6 22
6989 300 6 22
6989 300 8 22
5840 370 7 79
6050 376 7 75
4691 1360 6 32
4691 1360 6 32
4691 1360 8 32
4586 1751 6 36
4586 1751 6 36
4586 1751 8 36
4934 1793 6 35
4934 1793 6 35
4934 1793 8 35
4083 2080 6 37
4083 2080 6 37
4083 2080 8 37
5101 2225 6 41
5101 2225 6 41
5101 2225 8 41
3925 2312 6 39
3925 2312 6 39
3925 2312 8 39
3823 625 8 85
4556 633 8 83
4209 648 8 88
4805 1388 8 90
4854 1042 8 91
3829 829 8 93
4029 935 8 95
4183 1151 8 96
3904 1251 8 98
3906 1306 8 98В
3869 1610 8 99
3554 1749 8 103
3786 2017 8 104
3519 2049 8 106
2974 2185 6 69
2974 2185 6 69
2974 2185 8 69
2793 249 7 в
3414 4741 5 27
3608 3588 5 68
3608 3588 5 68
3608 3588 7 68
1497 2649 6 69
1497 2649 6 69
1497 2649 8 69
1242 2960 8 120
1569 3048 8 121
1454 3535 8 125
2130 4506 8 125
2402 4656 8 126
2995 4658 8 128
2457 4518 8 127
2843 4373 8 129
2847 4274 8 134
2133 4170 8 138
4233 5215 8 205
5434 4559 8 207
6669 4693 7 208
4957 4150 8 214
4067 3281 8 179
3962 3067 8 180
4052 3064 8 187
4724 2904 7 190
4883 3035 7 194
4594 2559 8 160
4606 3813 8 232
4660 2865 8 189
4250 2510 7 159
4467 2681 7 155
3809 2864 8 165
4045 2673 7 154
4330 2659 7 156
3937 2932 7 166
4345 2786 7 164
4549 2255 8 118
5198 2722 8 163
3845 2534 8 122
4825 2430 7 162
4027 2512 7 158
5477 3834 8 198
5174 4146 8 217
6865 3327 8 227
7492 2553 8 229
7793 2732 8 230
8043 2721 8 231
8065 3041 8 228
6144 584 6 76
4523 144 6 13
4523 144 6 13
4523 144 8 13
4443 1241 6 34
4443 1241 6 34
4443 1241 8 34
4665 930 8 89
52 4391 8 156
50 4314 8 56в
49 4467 8 133вв
6011 538 7 81
6344 457 6 78
6251 280 7 77
5430 569 8 82
4575 885 8 92
4231 1415 8 97
4581 1602 6 40
4581 1602 6 40
4581 1602 8 40
4226 2114 8 100в
4383 450 8 86
4468 2093 6 38
4468 2093 6 38
4468 2093 8 38
4229 1996 8 100
3921 2026 8 101в
4455 3632 6 52в
4438 2513 5 51
4438 2513 5 51
4438 2513 7 51
3041 155 7 в
5493 4562 8 207в
1469 3169 8 123
4127 969 8 94
4709 1298 6 33
4709 1298 6 33
4709 1298 8 33
53 4232 8 107
51 4625 6 18
51 4625 6 18
51 4625 8 18
4363 2510 6 51в
4257 3799 8 50В
3740 2624 8 153
3668 2669 5 54
3668 2669 5 54
3668 2669 7 54
4617 2771 5 57
4617 2771 5 57
4617 2771 7 57
4116 4384 5 62
4116 4384 5 62
4116 4384 7 62
4038 4432 5 47
4038 4432 5 47
4038 4432 7 47
3332 4595 8 135
4252 3641 5 50
4252 3641 5 50
4252 3641 7 50
4332 3597 5 4949
4332 3597 7 49
3919 1972 8 101
7287 2720 6 17
7287 2720 6 17
7287 2720 8 17
7043 212 6 21
7043 212 8 21
3755 2151 8 112
4082 1861 8 105
3865 1865 8 102
4660 2581 8 161
4949 522 8 84
5095 322 8 72
4859 728 8 87
6009 409 8 74
2324 4356 8 139
1237 3445 8 124
4943 4410 8 209
1256 4327 8 137
8042 3805 8 234
51 4547 8 93з
4369 246 6 14
4369 246 8 14
5564 270 8 73
4019 3022 5 60
4019 3022 7 60
3695 3437 8 5656
3695 3437 7 56
7509 4723 8 225
4408 782 6 114
4182 956 8 113
3849 3808 8 3131
3849 3808 7 31
3756 3042 8 181
7345 4317 8 226
4661 4174 8 210
4830 4137 8 211
4891 4144 8 213
3713 3001 8 181в
4028 683 6 110
3706 479 8 109
3468 2997 8 186
3456 3168 8 175
4177 759 8 115
4565 944 8 111
3576 1248 8 109
4084 1787 8 117
3894 1427 8 108
3430 3491 8 182
6059 4716 8 202
4070 4974 8 204
3366 2389 8 107
6106 2292 8 119
1451 3742 8 136
3482 4207 8 142
3759 4224 8 141
4057 4697 8 140
6418 2949 8 191
6610 4519 8 224
3909 3041 8 180в
5024 4165 8 215
4837 3293 8 178
4744 3295 8 177
4473 4471 8 212
4550 4638 8 233
4557 4163 8 216
4694 4061 8 222
4047 3921 5 3030
4047 3921 7 30
4740 3689 5 6666
4740 3689 7 66
4600 3077 7 192
4354 2287 7 116
4373 2334 7 116в
6722 4693 7 208вв
4916 3076 8 196
4958 3034 8 196в
4331 3072 7 195
1541 4016 8 150
4609 3433 8 168
4663 3421 8 168в
2440 4059 8 148
3310 4279 8 133
3850 4060 8 147
3031 4271 8 132
1615 3787 8 151
2234 3873 8 152
4426 1675 7 116
4423 1724 7 116в
4243 2416 8 117
4132 2960 8 188
4680 3575 5 2929
4680 3575 7 29
3905 4031 8 147В
4122 773 8 115в
4622 3316 8 172
4679 3317 8 172в
1657 4335 8 143
7885 4215 8 223
4938 4709 8 200
4998 4710 8 200в
4715 4724 7 171
6066 4870 8 149
5830 4716 8 144
3909 4861 5 64
3909 4861 5 64
3909 4861 7 64
6366 4717 8 203
4877 4474 8 221
5996 4573 8 206
6052 4572 8 206в
3509 3855 5 7171
3509 3855 7 71
4427 4695 8 235
4661 4592 8 236236
4708 4631 8 236в
4551 4494 8 146
4346 4477 8 145
5326 4841 8 201
5386 4842 8 201в
3298 3982 8 130
3345 3944 8 130В
3368 4143 8 131
6201 3101 8 197
6264 3101 8 197в
5378 4359 8 199в
5322 4359 8 199
4488 4406 8 219в
4432 4406 8 219
5834 4191 8 218
7029 3949 7 183
5897 4127 8 184
2776 4519 8 185
3645 4504 8 237В
3585 4502 8 237
3728 4169 8 141В
5000 4412 8 209в
4356 2559 7 -
6475 4317 8 -
6904 4214 8 -
6329 3950 8 240
6386 3948 8 240в
4240 4621 8 -
4297 4619 8 -в
4125 3873 8 167
4125 3790 8 167В
